1
2
3
4
5
6
7
8
9
10
12
13
1
2
3
4
5
7
8
10
12
13
15
19
22
23
27
1
2
3
4
5
7
8
10
11
12
13
15
22
29
1
2
3
4
5
6
7
8
9
10
12
13
14
15
1
2
3
4
5
7
8
10
12
13
15
19
22
23
27
29
1
2
3
4
7
8
10
11
12
13
15
22
2
3
4
5
10
31
1
2
3
4
5
7
10
14
15
26
31
33
1
2
3
4
7
8
10
13
15
22
23
24
1
2
3
4
5
6
7
8
10
15
22
24
29
1
2
3
4
7
8
10
13
22
24
32
1
2
3
4
7
8
10
13
15
22
24
31
1
2
3
4
5
10
13
14
15
1
2
3
4
5
7
8
10
12
15
24
40
1
2
3
4
7
10
13
38
1
2
3
4
5
6
7
8
9
10
12
13
14
15
1
2
3
4
5
8
10
12
13
15
19
22
23
27
1
2
3
4
5
7
8
10
11
12
13
15
22
29
2
3
4
7
8
10
12
31
1
2
3
4
5
7
10
33
1
2
3
4
7
8
10
13
23
24
1
2
3
5
7
8
10
15
22
29
1
2
3
4
7
8
10
24
1
2
3
4
7
8
10
15
32
1
2
3
4
7
10
13
15
24
1
2
3
4
7
8
9
10
13
15
19
22
1
2
3
4
5
7
10
14
1
2
3
4
5
7
8
9
12
13
14
15
1
2
3
4
5
7
8
9
10
12
13
15
19
22
23
2
3
4
5
7
8
10
11
12
13
15
22
27
29
1
2
3
4
5
7
8
10
11
12
1
2
3
4
5
7
14
15
31
33
1
2
3
4
5
7
10
15
24
1
2
3
4
5
7
8
10
13
15
22
23
29
1
2
3
4
7
8
10
15
22
24
1
2
3
4
7
8
10
1
2
3
4
7
8
10
22
24
32
1
2
3
4
7
10
13
15
24
31
2
3
4
7
8
10
13
15
22
1
2
3
4
5
8
10
12
13
19
22
23
27
1
2
3
4
5
7
8
10
11
12
13
15
22
29
1
2
3
4
7
8
10
11
12
2
3
4
31
1
2
3
4
5
7
10
15
33
1
2
3
4
5
7
8
10
13
15
1
2
3
4
5
6
7
8
10
22
29
1
2
3
4
5
7
8
10
15
29
1
2
3
4
7
8
10
15
22
24
1
2
3
4
7
8
10
13
24
32
1
2
3
4
7
8
10
13
15
22
31
1
2
3
10
13
1
2
3
4
5
8
10
12
15
19
22
23
2
3
4
5
10
13
15
22
26
27
29
1
2
3
4
5
7
10
11
13
15
22
1
2
3
4
7
8
10
11
12
2
3
4
8
31
1
2
3
4
5
7
10
15
33
1
2
3
4
5
7
10
1
2
3
4
7
10
13
15
23
1
2
3
4
8
10
13
22
29
1
2
3
4
5
7
8
10
15
1
2
3
4
5
6
7
8
10
24
1
2
3
4
7
8
9
10
13
32
1
2
3
4
5
7
8
10
12
13
15
19
22
23
1
2
3
4
5
8
10
13
15
22
27
29
1
2
3
4
7
8
10
11
12
15
22
1
2
3
4
5
8
10
12
2
3
4
10
15
31
1
2
3
4
5
7
13
14
15
33
1
2
3
4
5
7
8
10
24
1
2
3
4
7
10
13
15
23
1
2
3
4
5
6
7
8
10
15
22
29
30
1
2
3
4
7
8
10
13
24
2
3
4
5
8
10
22
1
2
3
4
7
8
10
24
32
1
2
3
4
5
8
10
12
13
15
19
22
23
27
1
2
3
4
5
7
8
10
11
12
13
15
22
29
1
2
3
4
7
8
10
11
12
1
2
3
4
5
10
31
1
2
3
4
5
7
10
14
15
33
1
2
3
4
5
7
10
1
2
3
4
7
8
10
15
22
23
1
2
3
4
5
7
8
10
15
29
1
2
3
4
5
7
8
10
15
24
1
2
3
4
7
8
10
22
1
2
3
4
7
8
10
24
32
1
2
3
4
7
8
9
10
13
15
24
31
1
2
3
4
5
8
10
12
13
15
23
1
2
3
4
5
7
10
15
2
3
4
7
10
13
15
32
1
2
3
4
5
6
7
8
9
10
11
12
13
14
15
16
19
22
23
24
26
27
28
29
30
31
32
33
36
38
40
1
2
3
4
5
7
8
10
13
15
24
1
2
3
5
7
8
10
23
1
2
3
4
10
22
24
1
2
3
5
7
10
15
24
1
2
3
4
8
12
13
23
33
1
2
3
4
7
8
10
15
22
1
2
3
4
5
6
7
8
10
13
19
1
2
3
4
5
7
8
10
12
24
26
29
31
33
44
1
2
3
4
5
8
10
13
15
19
23
27
1
2
3
4
5
8
10
11
13
15
22
29
1
2
3
4
7
8
10
11
12
22
2
3
4
5
8
10
15
31
1
2
3
4
5
7
15
33
1
2
3
4
5
7
8
10
13
15
24
1
2
3
4
7
8
10
22
29
1
2
3
4
7
8
10
13
15
1
2
3
4
7
8
10
14
1
2
3
4
5
7
8
10
13
22
24
32
1
2
3
4
5
7
8
10
13
15
24
31
1
2
3
4
5
7
8
9
10
12
19
22
1
2
3
4
5
8
10
13
15
22
26
27
1
2
3
4
5
7
8
9
10
11
12
15
22
29
2
3
4
7
8
10
11
12
1
2
3
4
5
8
9
10
12
15
31
1
2
3
4
5
7
10
13
15
33
1
2
3
4
7
10
13
15
23
1
2
3
4
5
7
8
10
22
23
24
29
1
2
3
4
5
8
10
22
1
2
3
4
7
8
10
15
24
1
2
3
4
7
8
10
15
22
24
32
1
2
3
4
7
10
13
15
24
31
